id	fdr.pvalue.JE6 0m U0126 vs JE6 0m DMSO	fdr.pvalue.TCP 0m U0126 vs TCP 0m DMSO	fdr.pvalue.N22 0m U0126 vs N22 0m DMSO	fdr.pvalue.SHP 0m U0126 vs SHP 0m DMSO	fdr.pvalue.JE6 5m U0126 vs JE6 5m DMSO	fdr.pvalue.TCP 5m U0126 vs TCP 5m DMSO	fdr.pvalue.N22 5m U0126 vs N22 5m DMSO	fdr.pvalue.SHP 5m U0126 vs SHP 5m DMSO	JE6 0m U0126 vs JE6 0m DMSO	TCP 0m U0126 vs TCP 0m DMSO	N22 0m U0126 vs N22 0m DMSO	SHP 0m U0126 vs SHP 0m DMSO	JE6 5m U0126 vs JE6 5m DMSO	TCP 5m U0126 vs TCP 5m DMSO	N22 5m U0126 vs N22 5m DMSO	SHP 5m U0126 vs SHP 5m DMSO
PERT-PSP_VIRUS_INFECTION	0.0355783960073133	0.0341259428261193	0.790964101753506	0.00623376623376623	0.00152129817444219	9e-04	0.0529952719904401	0.0580176107622668	-2.8143	-2.0431	-0.7031	-3.2251	-3.1508	-3.9942	-2.2689	-2.3248
PERT-PSP_VANADATE	9e-04	9e-04	0.0590269238002922	9e-04	9e-04	9e-04	0.0317038012116043	0.0152531600875644	-3.9851	-4.2558	-2.0682	-3.6432	-4.7938	-5.0623	-2.9091	-3.2738
PERT-PSP_UV	9e-04	9e-04	0.0151187874732446	9e-04	9e-04	9e-04	0.032535432706376	0.00152129817444219	-4.4931	-4.7626	-2.8432	-4.118	-4.8243	-5.494	-2.8795	-3.8645
PERT-PSP_U0126	0.0579559313765347	0.0313606303099524	0.79755538579068	0.032535432706376	0.00152129817444219	9e-04	0.0592596109900937	0.107041362261439	2.5436	2.0328	0.6846	2.6745	2.9953	3.4802	2.1777	2.0515
PERT-PSP_TNF	9e-04	9e-04	0.0571532898862491	9e-04	9e-04	9e-04	0.032535432706376	0.0101726525191444	-3.9803	-4.3758	-2.0839	-3.6251	-4.7772	-4.9336	-2.9553	-3.2162
PERT-PSP_THROMBIN	9e-04	9e-04	0.0528743808760372	9e-04	9e-04	9e-04	0.0321802091713596	0.0134186334068061	-3.901	-4.2894	-2.0703	-3.5896	-4.7658	-5.0921	-2.9113	-3.2214
PERT-PSP_TGF_BETA	0.722890505163189	0.0450296999867811	0.472086305881334	0.153431266962478	0.902731462786007	9e-04	0.99082169943481	0.789762658055818	0.7545	-2.4512	1.3047	2.2023	0.3504	-3.6132	0.1666	0.6124
PERT-PSP_SPHINGOSINE_1_PHOSPHATE	0.0590269238002922	0.0321478802491461	0.799521776875268	0.0321478802491461	9e-04	9e-04	0.0555362721277334	0.114883624015183	-2.5305	-2.0527	-0.6787	-2.6554	-3.0043	-3.5087	-2.2126	-2.0546
PERT-PSP_SORBITOL	0.0974134247366054	0.434421762681707	0.157205195364909	0.0361981664930974	0.326094956284782	0.0151187874732446	0.106699351216433	0.167391273072552	2.0862	-1.3868	2.1723	2.8823	1.6406	-3.3013	1.9837	2.0595
PERT-PSP_PRL	0.0674105615777492	0.0317038012116043	0.79755538579068	0.0355372750642673	9e-04	9e-04	0.0571532898862491	0.109057443055449	-2.5019	-2.0464	-0.681	-2.6889	-3.0288	-3.507	-2.2138	-2.0666
PERT-PSP_PHORBOL_ESTER_IONOMYCIN	0.00152129817444219	0.00152129817444219	0.0555362721277334	9e-04	9e-04	9e-04	0.196758525236496	0.00405837674324661	-3.0481	-2.9403	-2.0873	-3.5568	-3.7737	-4.0734	-1.8694	-3.2139
PERT-PSP_PHORBOL_ESTER	9e-04	9e-04	0.0590269238002922	9e-04	9e-04	9e-04	0.0316383536654885	0.00623376623376623	-3.9715	-4.2899	-2.0313	-3.5365	-4.7516	-5.0229	-2.9078	-3.2627
PERT-PSP_PDGF	0.0639930211159044	0.0321478802491461	0.799521776875268	0.032535432706376	0.00284331554286594	9e-04	0.0579559313765347	0.110374915340279	-2.492	-2.041	-0.6797	-2.6726	-3.0069	-3.464	-2.1786	-2.078
PERT-PSP_PD98059	0.904749994172212	0.621064791792581	0.92608040530212	0.993124688225215	1	1	0.607931808111853	0.376097983421997	0.3607	0.9648	-0.3159	-0.1562	0.0378	0.0019	-1.0158	-1.5202
PERT-PSP_PAR2_ACTIVATING_PEPTIDE	0.0349587978057866	0.0317038012116043	0.79157512739553	0.0100936780552847	0.00152129817444219	9e-04	0.048582995951417	0.0610129066949339	-2.7636	-2.0314	-0.7114	-3.2584	-3.1687	-3.9993	-2.3096	-2.3297
PERT-PSP_PAR1_ACTIVATING_PEPTIDE	0.0607273480091091	0.0320253206043609	0.799521776875268	0.0339610991046619	9e-04	9e-04	0.0579559313765347	0.106221934124384	-2.537	-2.0309	-0.6736	-2.6459	-3.0304	-3.4938	-2.1527	-2.0663
PERT-PSP_OKADAIC_ACID	0.0393491491740156	0.0273640075030343	0.79157512739553	0.00922892048868416	9e-04	9e-04	0.0555362721277334	0.0604733784476459	-2.8165	-2.0489	-0.7147	-3.2368	-3.1726	-3.9985	-2.2497	-2.2593
PERT-PSP_LPS	0.00284331554286594	9e-04	0.0544843944482281	9e-04	9e-04	9e-04	0.181402882179493	0.00733964905603958	-3.1145	-3.0268	-2.0839	-3.5912	-3.7851	-4.013	-1.9171	-3.1446
PERT-PSP_LPA	0.0403865625311955	0.032535432706376	0.79460965126075	0.011180063462388	9e-04	9e-04	0.0512158427673627	0.0610129066949339	-2.8317	-2.0656	-0.7019	-3.2741	-3.144	-4.0462	-2.2593	-2.3043
PERT-PSP_INSULIN	0.00152129817444219	9e-04	0.0593085290653364	9e-04	9e-04	9e-04	0.0398265219267606	0.00517470002910769	-3.5113	-3.7571	-2.0618	-3.6021	-4.3023	-4.5498	-2.8162	-3.3684
PERT-PSP_IMATINIB	0.789722248839852	0.957577534018015	0.830053246256582	0.036695880926571	0.430032927982265	0.142841142252524	0.0400724473624632	0.413864915125979	-0.6195	-0.2502	-0.4991	-2.845	1.4095	2.1209	2.872	-1.4262
PERT-PSP_IL_2	9e-04	9e-04	0.017799532762265	9e-04	9e-04	9e-04	0.0321478802491461	0.00284331554286594	-4.4619	-4.7969	-2.7796	-4.1985	-4.8832	-5.4622	-2.8863	-3.9163
PERT-PSP_IL_1B	9e-04	9e-04	0.0497592061806172	9e-04	9e-04	9e-04	0.18007931109971	0.00822857142857143	-3.0728	-3.0761	-2.075	-3.5588	-3.7021	-3.9993	-1.9338	-3.1891
PERT-PSP_IL_1A	0.00284331554286594	9e-04	0.0480324543610548	0.00152129817444219	9e-04	9e-04	0.187572080218194	0.00517470002910769	-3.0715	-3.0101	-2.0577	-3.5538	-3.8019	-4.035	-1.9115	-3.1279
PERT-PSP_HGF	0.0392585078036328	0.0317038012116043	0.790964101753506	0.00822857142857143	9e-04	9e-04	0.0530275200051111	0.05352824205944	-2.8153	-2.0546	-0.7129	-3.2156	-3.1963	-4.0367	-2.2795	-2.3424
PERT-PSP_HEREGULIN	0.0666240316643247	0.0329213089268568	0.794861501405058	0.0349587978057866	0.00152129817444219	9e-04	0.0557786101155991	0.119786625434867	-2.4785	-2.1025	-0.688	-2.6672	-3.0321	-3.4679	-2.1988	-2.0315
PERT-PSP_H2O2	1	0.793701084624855	0.805823985077334	0.00152129817444219	0.78837637375251	0.0579559313765347	0.0846170877409105	0.0232602315943726	0.0344	-0.5841	0.5409	3.6578	0.6169	-2.5994	2.0012	2.926
PERT-PSP_GEFITINIB	0.919389961654081	0.416325516096198	0.757644333760831	0.963993568970961	1	0.0529952719904401	0.1804442016044	0.366260915857042	-0.3315	-1.4294	-0.6788	-0.2303	-0.0605	2.4861	2.1065	-1.5338
PERT-PSP_FIBRONECTIN	0.0561516773448666	0.0317038012116043	0.79755538579068	0.0355783960073133	9e-04	9e-04	0.0590269238002922	0.103022313046046	-2.5464	-2.0336	-0.6848	-2.5961	-3.0007	-3.5407	-2.2009	-2.0685
PERT-PSP_FGF2	0.285089034780773	0.160719039123367	0.66552975350874	0.0965721578445094	0.379061615511648	0.00735290363100679	0.316586164768537	0.0842408219785594	-1.6765	-1.9467	-0.873	-2.3076	-1.4935	-3.0116	-1.6188	-2.5084
PERT-PSP_FGF1	0.0644076142007965	0.0355783960073133	0.79755538579068	0.0364424959995016	0.00284331554286594	9e-04	0.0529952719904401	0.108332117320881	-2.4887	-2.0476	-0.6855	-2.6527	-2.9978	-3.5652	-2.2403	-2.0346
PERT-PSP_ETOPOSIDE	0.056699826242468	0.985398378681595	0.0164222999806796	0.672324070003683	0.0144163110261896	0.285477293149927	0.00822857142857143	0.0142331167066149	2.3044	-0.1899	3.3445	0.8554	3.3355	-1.6799	3.1755	3.2345
PERT-PSP_ERLOTINIB	0.0341259428261193	0.0355076524027474	0.790964101753506	0.0100546176762661	9e-04	9e-04	0.0545205785927564	0.0636996859251597	2.8487	2.0395	0.7151	3.2609	3.1481	3.9819	2.2589	2.2989
PERT-PSP_EPO	0.0656376256086191	0.0403828518706515	0.79755538579068	0.0321478802491461	0.00152517168772957	9e-04	0.0584781072585951	0.104240577653491	-2.5009	-2.035	-0.6769	-2.6672	-3.0576	-3.4769	-2.1652	-2.0467
PERT-PSP_EGF	0.032535432706376	0.16756355414187	0.502789604511662	0.367311420007459	0.404846349511205	0.0119287258629688	0.221330475312181	0.261897048543027	3.2191	2.1522	1.205	1.5306	1.4647	-3.6735	1.9752	1.8461
PERT-PSP_DASATINIB	0.0355372750642673	0.0339610991046619	0.784895347287028	0.00517470002910769	0.00152129817444219	9e-04	0.0498070341513143	0.0668464837078408	2.8259	2.0585	0.7188	3.3002	3.1474	4.0249	2.2946	2.2953
PERT-PSP_CYCLIC_STRETCH	0.0592596109900937	0.0353560682046138	0.79755538579068	0.0398265219267606	9e-04	9e-04	0.0493050048688692	0.114477767457294	-2.5156	-2.0243	-0.6762	-2.6222	-3.0686	-3.496	-2.1889	-2.0501
PERT-PSP_CXCL12	0.0610129066949339	0.0343024942937454	0.79755538579068	0.0339610991046619	9e-04	9e-04	0.0577271440347365	0.109163621762698	-2.5283	-2.0413	-0.6783	-2.603	-3.0866	-3.5223	-2.2448	-2.06
PERT-PSP_CISPLATIN	0.00284331554286594	9e-04	0.049281584019625	9e-04	9e-04	9e-04	0.180782908243154	0.00623376623376623	-3.0546	-3.0222	-2.061	-3.5296	-3.7157	-4.1195	-1.8985	-3.2156
PERT-PSP_BACTERIAL_INFECTION	0.032535432706376	0.0280153938752804	0.790964101753506	0.00733964905603958	0.00152129817444219	9e-04	0.0557101642990697	0.0610129066949339	-2.8015	-2.0583	-0.714	-3.2364	-3.1414	-4.032	-2.2537	-2.2871
PERT-PSP_ARSENITE	9e-04	0.0853178067265602	0.0722151088348271	0.234082945543731	9e-04	0.79755538579068	0.0127196963172504	0.109231760939659	3.6529	2.5843	2.6859	1.8514	3.4306	-0.6432	3.0971	2.3981
PERT-PSP_ANTI_IGM	0.0590269238002922	0.0351827679294099	0.79755538579068	0.0336075343402567	0.00152129817444219	9e-04	0.0530667361588212	0.11347553074853	-2.493	-2.0394	-0.6825	-2.6314	-3.0158	-3.5022	-2.2208	-2.0524
PERT-PSP_ANTI_CD3	9e-04	9e-04	0.0119105625033837	0.0142123162127561	9e-04	9e-04	9e-04	9e-04	-6.7861	-7.5094	-3.6417	-3.4089	-6.7941	-8.9854	-6.0985	-6.7578
PERT-PSP_ANISOMYCIN	9e-04	9e-04	0.0586830686596745	9e-04	9e-04	9e-04	0.0351301470120283	0.00284331554286594	-3.5811	-3.6957	-2.0734	-3.575	-4.2934	-4.5615	-2.8263	-3.3463
PERT-P100-DIA2_SOTRASTAURIN	0.989533941251651	0.919105031211323	0.710371104963725	0.66552975350874	1	0.197257991201221	0.31647338270225	0.647046209429655	-0.1803	0.3288	0.8118	0.866	-0.0593	2.0133	1.6771	0.8929
PERT-P100-DIA2_RGFP966	0.167391273072552	0.0186371578334304	0.0158699654704267	0.8395422410816	0.111606940556616	0.767687445164427	0.035791006089442	0.284673327521849	2.1803	-2.8322	3.2873	0.4809	2.4003	0.7004	2.9579	1.7386
PERT-P100-DIA2_RESVERATROL	0.482349758894269	0.376097983421997	0.00921064308997887	0.442686068915348	0.116059518941974	0.994033846268481	0.0510952052431873	0.0363376372124322	1.2812	-1.4905	3.2448	-1.3531	2.3022	-0.1417	2.811	2.9093
PERT-P100-DIA2_PAZOPANIB	0.574620909816441	0.33234749440283	0.0355372750642673	0.17888579844969	0.0509496355232181	0.465183745679283	0.0738917062892017	0.0127691553957441	1.1018	-1.5905	2.6871	-2.0854	2.8154	-1.3279	2.4651	3.0815
PERT-P100-DIA2_LOSMAPIMOD	0.474458136415489	0.382515680978644	0.010044175773076	0.441025258164024	0.11084971901065	0.994033846268481	0.051449151089007	0.0351301470120283	1.2976	-1.5016	3.2412	-1.3527	2.3513	-0.1449	2.7592	2.9509
PERT-P100-DIA2_LENALIDOMIDE	0.566484302549637	0.339180120922198	0.0408941593605911	0.197399101802145	0.0526379137412237	0.470086669193384	0.0644076142007965	0.0142331167066149	1.1126	-1.5777	2.609	-2.0444	2.8196	-1.3326	2.4993	3.053
PERT-P100-DIA2_IPI145	0.543314087388729	0.259220296397675	0.985510317880941	0.986090626739131	0.0853754940711463	0.494368778381671	0.642282225383452	0.0173179609704472	-1.1827	-1.7144	0.2074	-0.1717	2.5325	-1.319	0.9538	2.9051
PERT-P100-DIA2_GELDANAMYCIN	0.47190332326284	0.369998138496769	0.0127620353082977	0.430268029438747	0.111760935747476	0.994033846268481	0.0530667361588212	0.031430582611685	1.2867	-1.5137	3.1676	-1.3743	2.3196	-0.142	2.752	2.9504
PERT-P100-DIA2_DMSO	0.84181172353615	0.769345858258504	0.149779044531025	0.703593146968921	0.801619050370748	0.380663677130045	0.374049838344513	0.789353255977981	0.4612	0.6613	2.1924	0.8191	-0.5692	1.5084	1.5103	-0.6261
PERT-P100-DIA2_CI-994	0.4776359021524	0.38144103921492	0.0127196963172504	0.442135967044495	0.105589326400218	0.996011815844663	0.0544843944482281	0.0317038012116043	1.2817	-1.4984	3.1949	-1.3608	2.3404	-0.1435	2.7601	2.9484
PATH-WP_Non-small_cell_lung_cancer	0.00152129817444219	9e-04	0.0609146425879494	9e-04	9e-04	9e-04	0.0363376372124322	0.00517470002910769	-3.4549	-3.7023	-2.0708	-3.1551	-4.1908	-4.1637	-2.7758	-3.2462
PATH-NP_TWEAK_PATHWAY	9e-04	9e-04	0.0557101642990697	9e-04	9e-04	9e-04	0.0353560682046138	0.013513572044231	-3.9584	-4.2378	-2.0951	-3.5745	-4.8917	-5.0467	-2.8966	-3.2228
PATH-NP_TSLP_PATHWAY	0.00826287754710578	0.00733964905603958	0.302659525348601	0.0186371578334304	9e-04	0.00152129817444219	0.171014141163395	0.555737025939567	-2.6812	-2.6476	-1.6683	-2.8625	-3.1063	-3.175	-2.1405	-1.1201
PATH-NP_TIE2_PATHWAY	1	0.802438461170861	0.451499118165785	0.805823985077334	1	0.0665727132407221	0.629235379760819	0.773035880788756	0.1003	0.5486	1.3503	-0.5757	0.0416	-2.5227	0.9853	0.6383
PATH-NP_T_CELL_RECEPTOR_PATHWAY	0.178643115214773	0.0127196963172504	0.073662752480363	0.00517470002910769	0.0769735154089574	9e-04	0.785735165156387	0.510109686797938	-2.0644	-2.4024	2.4337	-3.3401	-2.4794	-3.5948	-0.6517	-1.2442
PATH-NP_PROLACTIN_PATHWAY	0.59119829659729	0.85622078353903	0.674241311632999	0.501684963287667	0.59119829659729	0.926404543410108	0.59119829659729	0.698451773193426	1.0759	0.4938	0.8992	-1.2501	1.1322	0.3087	1.109	0.9054
PATH-NP_OXYTOCIN_PATHWAY	9e-04	9e-04	0.0635110486499417	9e-04	9e-04	9e-04	0.0358514724711908	0.00152129817444219	-3.5164	-3.6662	-2.0387	-3.5841	-4.3856	-4.5342	-2.8393	-3.4142
PATH-NP_NOTCH_PATHWAY	9e-04	0.00152129817444219	0.00922912011715855	9e-04	9e-04	9e-04	0.0725517850327146	0.036695880926571	-4.834	-4.2248	-2.8618	-4.1882	-5.2731	-5.3684	-2.6213	-3.1172
PATH-NP_LEPTIN_PATHWAY	9e-04	9e-04	0.00733964905603958	9e-04	9e-04	9e-04	0.128191884340489	0.00152129817444219	-5.081	-4.8842	-3.295	-4.5253	-5.1987	-5.38	-2.3018	-4.4606
PATH-NP_KIT_RECEPTOR_PATHWAY	0.00405837674324661	0.0236867278405094	0.749994692632666	9e-04	9e-04	9e-04	0.445851315723186	0.0173179609704472	-3.4817	-2.2287	-0.7927	-3.7718	-3.7574	-4.0077	-1.3561	-2.9207
PATH-NP_IL33_PATHWAY	0.00623376623376623	0.00284331554286594	0.153431266962478	9e-04	9e-04	9e-04	0.0121072685650517	0.0151187874732446	-3.3339	-3.5613	-2.0426	-3.813	-4.2407	-5.1254	-3.2319	-3.1869
PATH-NP_GLP1_PATHWAY	0.940147269181683	0.341630672363913	0.0127196963172504	0.725663565320848	0.926404543410108	0.555986769043383	0.0844972435093341	0.0951535499028841	0.2566	1.5705	3.1674	-0.7498	-0.3357	1.1229	2.5619	2.4675
PATH-NP_FGF1_PATHWAY	0.151262611021092	0.035791006089442	0.959415690281069	0.0170815691055571	0.644359315673065	0.940147269181683	0.753801793925536	0.991670051170073	-2.1394	-2.8942	-0.221	-3.0018	-0.8956	0.2786	-0.6808	-0.1652
PATH-NP_EGFR1_PATHWAY	0.00623376623376623	9e-04	1	9e-04	0.0343843646652897	9e-04	0.6421474685087	0.326094956284782	-3.9922	-6.5642	-0.0592	-5.1006	-3.0734	-6.9386	0.905	-1.6256
PATH-NP_CRH_PATHWAY	9e-04	9e-04	0.0609146425879494	9e-04	9e-04	9e-04	0.0316383536654885	0.00822857142857143	-3.8729	-4.181	-2.0451	-3.592	-4.9166	-5.031	-2.9151	-3.1945
PATH-NP_CCR7_PATHWAY	0.496985763941611	0.70157874977771	0.79755538579068	1	0.157731649105272	0.0924333444731544	0.411952891407212	0.868666220693795	-1.2762	-0.8645	-0.6119	-0.0625	2.0448	-1.9131	-1.408	0.4318
PATH-NP_B_CELL_RECEPTOR_PATHWAY	0.236252159144143	0.634906525222755	0.636460354214907	0.297937290131263	0.292082998111734	0.0134516774356734	0.0668464837078408	0.66552975350874	1.9175	0.9702	-0.9255	1.7146	1.7285	-2.962	-2.5462	0.8725
PATH-NP_AGE_RAGE_PATHWAY	9e-04	9e-04	0.0127196963172504	9e-04	9e-04	9e-04	0.153119923021678	9e-04	-4.856	-4.9227	-2.8892	-4.6124	-5.2443	-5.5134	-2.175	-4.3065
PATH-BI_ISCHEMIA	0.703593146968921	0.0529952719904401	0.196007116377308	0.872724727783837	0.134986099645691	9e-04	0.0940123970098835	0.357233088285348	-0.824	-2.302	1.9362	-0.4445	-1.9859	-3.615	-2.0293	-1.5226
KINASE-PSP_ZAP70	0.6015852052136	0.234417771289215	0.841058370938849	0.242914144793985	1	0.598838971866875	0.0363376372124322	0.0590269238002922	-1.0182	-1.9299	-0.4822	1.8924	-0.0322	-1.0174	-2.91	-2.7114
KINASE-PSP_Syk/SYK	0.774102810529523	0.714793124513035	0.442686068915348	0.179210019086244	0.882310728045185	0.0134516774356734	0.0164222999806796	0.646286639093688	-0.6589	0.7883	-1.3361	2.1151	-0.383	-3.3536	-3.1722	0.9047
KINASE-PSP_Src/SRC	0.176668789517652	0.241421808590286	0.413864915125979	0.769345858258504	0.105664208617437	0.788977578931313	0.725012359865845	0.767687445164427	-2.134	-1.9043	1.3953	-0.6368	2.4827	-0.6313	0.7341	-0.6501
KINASE-PSP_Ret/RET	9e-04	0.0179425837320574	0.264961169483783	0.863381502318225	0.0164420990273773	0.854841725292357	0.0980650249990598	0.149779044531025	3.8326	3.2575	1.8468	0.4267	2.9517	-0.4549	2.4317	2.1737
KINASE-PSP_PDGFRB	0.296753749117408	0.930813385179157	0.968789241089254	0.734038486045622	0.994033846268481	0.032535432706376	0.153119923021678	0.914218373319056	1.7019	0.3029	-0.2055	-0.785	-0.149	-2.6242	-2.1605	0.3285
KINASE-PSP_MKK6/MAP2K6	0.411952891407212	0.487676398945129	0.279056056859309	0.0798458031586313	0.5348670194868	0.167510462988861	0.485063234528934	0.188996755294294	1.435	1.2877	1.7887	2.4389	1.1459	-2.1295	1.3012	2.038
KINASE-PSP_MKK4/MAP2K4	0.00152129817444219	0.0734623700732019	0.0599912155720055	0.0610129066949339	0.00152129817444219	0.801482926829268	0.00405837674324661	0.0251046025104603	3.6687	2.6491	2.8141	2.5934	3.2252	-0.6077	3.3614	2.9703
KINASE-PSP_MEKK6/MAP3K6	0.0931219885732586	0.904749994172212	0.1358232683957	0.0258294046990219	0.133671638096417	0.0564070508813602	0.0911130711975612	0.0393100436011985	2.0945	0.3595	2.2617	3.0171	2.2082	-2.6251	1.9732	2.5102
KINASE-PSP_MEK1/MAP2K1	0.251945714789288	0.00152129817444219	0.281168893588388	0.926636056621576	0.1358232683957	0.21670772179671	0.629235379760819	0.799521776875268	1.8836	-3.4172	1.7665	-0.3017	2.2306	-2.0012	0.9509	0.5686
KINASE-PSP_LYN	0.747432216905901	0.288272394478014	0.435106979261292	0.0741534476751448	0.844613489799783	1	0.91612969344487	0.845165652467884	-0.7361	-1.6701	1.3847	2.6174	-0.4998	-0.0108	-0.3426	0.4772
KINASE-PSP_Lck/LCK	0.0118952675759337	0.153119923021678	0.407498538201026	0.769345858258504	0.767687445164427	0.451499118165785	0.0312059811463864	0.259220296397675	-3.3699	-2.2494	-1.4311	0.65	-0.6555	-1.3299	-3.4059	-1.8297
KINASE-PSP_JAK3	0.621825839217144	0.0853043707339103	0.169078461709594	0.277889830128636	0.145972511066445	0.278284715727662	0.996011815844663	0.15525317711922	-1.0463	1.9852	1.8389	1.6866	2.1298	1.6805	-0.145	1.8482
KINASE-PSP_JAK2	0.187572080218194	0.187572080218194	0.649553132749988	0.251378886215779	0.0279543800048532	0.00931423914309	0.0227035085749891	0.719283304045969	-2.0394	1.8133	-0.9229	-1.8724	-2.5269	-2.6612	-2.6832	-0.7712
KINASE-PSP_Hck/HCK	0.715202977173258	0.940147269181683	0.397113485727968	0.121238384726341	0.39200613891733	0.378822777058189	0.0523352059302596	0.623275354405504	0.7697	0.2692	-1.468	2.2041	-1.4572	-1.5103	-2.7857	0.9964
KINASE-PSP_Fyn/FYN	0.00284331554286594	0.00405837674324661	0.00284331554286594	0.0624012389017899	9e-04	9e-04	0.00152129817444219	9e-04	-4.3576	-4.3531	-3.8726	-2.7108	-5.2092	-3.9495	-4.3603	-4.4124
KINASE-PSP_FGFR1	0.47413536520031	0.510109686797938	0.643202000363541	0.799521776875268	0.970884698759652	0.0426171195675152	0.675799120990338	1	1.2942	1.2135	-0.9188	-0.5933	-0.2056	-2.5102	-0.8545	-0.1236
KINASE-PSP_EGFR	0.717179593077225	0.751604989822016	0.722890505163189	0.0791629253632882	0.9017597289675	0.301314817665755	0.451308161415176	0.880567117585848	-0.7928	-0.7259	-0.7586	2.6435	0.3573	-1.7096	-1.3417	-0.4125
KINASE-PSP_AXL	0.530514802418126	0.262284391072752	0.197257991201221	0.699453551912568	0.057663028725293	0.584733025708636	0.79755538579068	0.800826972730002	-1.1942	1.7079	1.8031	-0.8539	-2.1717	1.0747	0.5788	0.5934
KINASE-PSP_ASK1/MAP3K5	0.0965721578445094	0.9017597289675	0.123966258531412	0.0192588894040444	0.143829333706069	0.0594396165044002	0.0858261393294519	0.0447491210656673	2.1199	0.3646	2.2919	3.0971	2.2142	-2.614	1.9576	2.5645
KINASE-PSP_ALK	0.315376747357654	0.164721183658972	0.271642938423043	0.387911506327099	1	0.54060847086896	0.554428017208492	0.649553132749988	1.652	-2.1599	1.8048	-1.4855	-0.0599	1.215	1.1143	-0.9641
KINASE-PSP_Abl/ABL1	0.978311531147352	0.535042996492417	0.0418470040374927	0.277889830128636	0.555737025939567	1	0.631121930971039	0.00518008903278025	-0.191	-1.1441	-3.0791	-1.7522	-1.0961	-0.0233	-0.9221	-3.8052
KINASE-iKiP_ZAP70	0.455814591503981	0.110220787456044	0.703593146968921	0.0572174262196346	0.258329518601457	0.00152129817444219	0.157731649105272	0.508089053437971	-1.3335	2.3662	-0.7863	-2.6833	-1.84	3.582	-2.1777	-1.1762
KINASE-iKiP_YES1	0.0834153081590065	0.110925060955906	0.339180120922198	0.0444912992919966	0.0322093968678598	0.00406586704614759	0.757721162874209	0.115118378812199	-2.6455	2.3164	-1.599	-3.0018	-3.0406	3.848	-0.6814	-2.3944
KINASE-iKiP_TYRO3	0.106850096136447	0.629235379760819	0.757644333760831	0.773035880788756	0.132060834581176	0.924815142719352	0.982208794897617	0.339180120922198	2.4996	-0.9445	-0.6826	0.6401	-2.27	-0.3215	0.1812	-1.5967
KINASE-iKiP_TXK	0.694871004035604	0.215332547405787	0.419761428311547	0.940147269181683	1	0.311223091082362	0.657593232690499	0.992594568414255	0.8216	1.9075	-1.3992	0.2649	-0.028	1.7001	-0.8896	0.1725
KINASE-iKiP_TNK1	0.105664208617437	0.285477293149927	0.378419800438922	0.994033846268481	0.4776359021524	0.0595679928741093	0.039198606271777	0.957577534018015	2.3891	1.7239	1.4937	0.1601	1.2687	2.6135	3.0201	0.2353
KINASE-iKiP_TEK	0.554617693233923	0.521908716913762	1	0.994033846268481	0.283764174772935	0.471370451772528	0.0578462700585917	0.615203356967332	1.1007	-1.18	-0.0014	0.1507	-1.7432	1.2815	-2.6906	-0.9654
KINASE-iKiP_TEC	0.315672344432081	0.134366242821739	0.535042996492417	0.805823985077334	0.497851792846115	0.0166865023373373	0.232512378698618	0.985196060250784	-1.681	2.206	-1.1216	-0.5335	-1.2153	3.4382	-1.894	0.1794
KINASE-iKiP_SYK	0.0446470095805041	0.416325516096198	0.615780172307994	0.114883624015183	0.073697606061904	0.0610379195784168	0.494368778381671	0.326883177372232	-2.9962	1.4118	-0.964	-2.381	-2.6365	2.6006	-1.2243	-1.614
KINASE-iKiP_SRMS	0.256851885928813	0.0336075343402567	0.135276006691071	0.444590553216751	0.79755538579068	0.814804732116965	0.0904120417641053	1	-1.8392	-3.2629	-2.2919	1.3113	-0.5681	-0.5266	-2.5398	-0.0049
KINASE-iKiP_ROS1	0.813928100541146	1	0.438547333315109	0.757721162874209	0.275403636969014	0.0806969904619222	0.963633090287154	0.0481470267539208	-0.5473	0.1068	-1.3714	-0.6914	-1.7825	2.5805	0.2194	-2.8733
KINASE-iKiP_RET	0.219412028458172	0.943261923377639	0.25221594146304	0.321428571428571	0.138663014636652	0.84645094703231	0.134986099645691	0.429883528968598	1.9582	-0.2734	1.8419	-1.6571	-2.2322	-0.4797	2.293	1.3768
KINASE-iKiP_PTK6	0.769345858258504	0.619272737651756	0.451308161415176	0.634906525222755	0.940147269181683	0.0432267938580054	0.30226874083446	0.773485691242804	0.6627	0.9496	-1.3197	-0.9494	-0.2829	2.7441	-1.7328	0.6925
KINASE-iKiP_PTK2B	0.656156410312274	0.339180120922198	0.0158824697240421	0.0203689165703837	0.805823985077334	0.800826972730002	0.0586830686596745	0.841058370938849	-0.9407	1.5816	-3.3419	3.0846	0.5294	-0.5583	-2.8023	-0.4961
KINASE-iKiP_PTK2.FAK	1	0.00623376623376623	0.994033846268481	0.769345858258504	0.669390454044041	0.848947543499669	0.636460354214907	0.740766610621418	-0.1065	-3.5718	0.1515	0.6429	0.836	0.5008	0.8935	-0.7577
KINASE-iKiP_PDGFRB	0.00822857142857143	0.59119829659729	0.722890505163189	0.285477293149927	0.728222947726027	0.225053218855759	0.45913928957434	0.934947514313221	3.4089	1.0506	0.7517	-1.7284	-0.7677	1.9379	1.3066	-0.2952
KINASE-iKiP_PDGFRA	0.0639930211159044	1	0.297937290131263	0.735063093239376	0.574541096238073	0.925334874086334	0.251945714789288	0.123966258531412	2.7922	0.0703	1.7231	-0.7233	-1.053	0.3033	1.8653	-2.3473
KINASE-iKiP_NTRK3	0.921214675309698	0.773035880788756	0.483557061566793	0.429074255694391	0.0813242901972903	0.59119829659729	0.437190952746442	0.00733964905603958	-0.3088	0.6328	-1.2821	-1.3846	-2.5374	1.03	1.357	-3.4783
KINASE-iKiP_NTRK2	0.0933143517150608	0.357233088285348	0.805823985077334	0.197104660825449	0.940147269181683	0.00285044939116183	0.558221715724945	0.55473507957697	2.5312	1.5627	-0.5308	-2.047	0.2703	3.6892	1.1003	-1.0941
KINASE-iKiP_NTRK1	0.803167241132837	0.0210748155953635	0.0741534476751448	0.0911130711975612	1	0.789353255977981	0.0683858854713126	0.253568104965402	-0.5466	-3.3141	-2.5841	2.523	-0.0654	-0.6362	-2.6743	1.8339
KINASE-iKiP_NPM1:ALK	0.285477293149927	0.316586164768537	0.136636731915055	0.10627838261758	0.10627838261758	0.0100546176762661	0.399927742827297	0.133671638096417	-1.7171	1.6452	-2.2132	-2.2431	-2.3326	3.1326	-1.4581	-2.0342
KINASE-iKiP_MUSK	0.650370141380524	0.605752387410296	0.149173392585181	0.0720794729188543	0.773035880788756	0.101968087324072	0.957577534018015	0.442888590158723	0.895	1.0014	-2.2609	-2.6857	-0.6418	2.4619	-0.24	-1.3647
KINASE-iKiP_MST1R	0.320892196390999	0.258329518601457	0.156017703846184	0.0509496355232181	0.0467928557336335	0.380404398525336	0.252516199225929	0.00517470002910769	-1.6141	1.8118	-2.1115	-2.5772	-2.566	1.5066	-1.8381	-3.5253
KINASE-iKiP_MET	0.325886141480425	0.127263919870865	0.640628641827323	1	0.701335795274228	0.173424552161397	0.264961169483783	0.904749994172212	1.6403	2.3392	0.9303	-0.0224	-0.7892	2.0885	1.8262	0.3435
KINASE-iKiP_MERTK.MER	0.598838971866875	0.61708773541571	0.302659525348601	0.152656111810798	0.333197369210498	0.976823518354988	0.522429131971873	1	-1.0431	1.009	-1.6991	-2.108	-1.5894	0.21	-1.1801	0.1219
KINASE-iKiP_MATK.CTK	0.133095490776074	0.368737018806726	0.47413536520031	0.37055930041902	0.140982498817488	0.605954228164664	0.407498538201026	0.0713364644086645	2.3313	-1.5319	1.2728	1.5284	2.2278	0.9802	1.4446	2.6553
KINASE-iKiP_MAPK3.ERK1	0.106805625552713	0.193091422556322	0.703593146968921	0.0806969904619222	0.0656207556019571	0.0965721578445094	0.326094956284782	0.228429812098747	-2.2003	-1.7966	0.8992	-2.3467	-2.0815	-2.2691	-1.6096	-1.9453
KINASE-iKiP_MAPK1.ERK2	0.245424706584444	0.795355327256852	0.831395472873509	0.0251046025104603	0.0951535499028841	0.0990372711866444	0.251115517445143	0.0236867278405094	-1.8991	0.6394	0.5426	-3.0781	-2.0495	-2.3185	-1.752	-2.2776
KINASE-iKiP_LYNB.LYN	0.0931114751271661	0.319980395074262	0.0555362721277334	0.253952929727104	9e-04	0.00284331554286594	0.258329518601457	0.0590269238002922	-2.5635	1.6391	-2.9656	-1.8387	-4.2196	4.1756	-1.8431	-2.8362
KINASE-iKiP_LYNA.LYN	0.311047889995258	0.225744833528053	0.10627838261758	0.574620909816441	0.0868538945493692	0.404633123136593	0.0374567127611958	0.565745200752578	-1.6644	1.9465	-2.4779	1.0478	-2.5458	1.4431	-3.1771	-1.0856
KINASE-iKiP_LTK	0.376097983421997	0.149779044531025	0.761541484821235	0.323662562412819	0.356607245973421	0.00152129817444219	0.197257991201221	0.277889830128636	-1.504	2.2106	-0.6752	-1.6446	-1.5573	4.6893	-2.0403	-1.768
KINASE-iKiP_LCK	0.0251046025104603	0.612502116583858	0.0136625481966093	9e-04	0.00518008903278025	0.0814174731505654	0.0157948858572702	0.00518008903278025	-3.3354	0.9899	-3.7726	-3.886	-3.8466	2.5881	-3.591	-4.1767
KINASE-iKiP_KIT	0.330506164069788	0.101789642666032	0.330954080307831	0.0894198643312747	0.307092455531977	9e-04	0.277889830128636	0.0590269238002922	1.6229	2.4409	1.6226	-2.5425	-1.6933	3.9713	1.7731	-2.7744
KINASE-iKiP_KDR	0.127689245921643	0.455619949766287	0.795222157035711	0.79755538579068	0.579945749108205	0.0555362721277334	0.0590269238002922	0.168168195145176	2.2689	1.3461	0.5892	-0.5874	1.0498	2.5676	2.6895	2.177
KINASE-iKiP_JAK3	0.0937214630160688	1	0.919389961654081	0.703593146968921	0.306517932581052	0.773833069620253	0.66552975350874	0.317779873030858	-2.4107	0.0752	0.3438	-0.8335	-1.6567	0.6465	-0.855	-1.6318
KINASE-iKiP_JAK2	0.455814591503981	0.288272394478014	0.805823985077334	0.487676398945129	0.544602581090622	9e-04	0.556283918524287	0.45831744716121	1.3181	1.7162	-0.5586	-1.2391	1.1427	3.6179	-1.0854	-1.3082
KINASE-iKiP_ITK	0.99347380612628	0.143829333706069	0.00405837674324661	0.650370141380524	0.0692356732548951	0.061020273501583	0.0121072685650517	0.716997394744878	-0.1495	2.2208	-4.0418	-0.8832	-2.6885	2.6094	-3.4867	-0.7459
KINASE-iKiP_INSRR	0.715538156780728	0.993806367158068	0.14793507294021	0.00822857142857143	0.0316383536654885	0.0913988620676095	0.0349587978057866	0.036304961678096	-0.7505	-0.1616	-2.198	-3.6141	-3.035	2.4933	-3.0803	-2.9853
KINASE-iKiP_INSR	1	1	0.403892831549504	0.0493050048688692	0.847290019118486	0.173424552161397	0.919994291422863	0.762090615985067	0.1193	-0.0228	1.4381	-3.0162	-0.4406	2.1211	0.3082	-0.6807
KINASE-iKiP_IGF1R	0.463931583643373	0.63432587056525	0.159207645241165	0.295827983434906	0.0564070508813602	0.218471472834309	0.120201925929075	0.0303455525419359	-1.2633	0.9392	-2.0874	-1.7128	-2.7753	-1.8956	-2.3451	-3.084
KINASE-iKiP_HCK	0.384909416108931	0.411952891407212	0.288272394478014	0.885801790712328	0.517497418413677	0.386610538570853	0.836734727215997	0.654055445579711	1.48	-1.4373	1.7738	-0.3698	-1.1811	1.4802	0.4704	0.8666
KINASE-iKiP_FRK	0.866976314971023	0.591644988094464	0.0821870897779807	0.118467467898638	0.397113485727968	0.0321478802491461	0.376589770412377	0.118728038586613	0.4334	-1.0193	-2.6022	-2.3439	-1.4714	2.9479	-1.5068	-2.3611
KINASE-iKiP_FLT4	0.0133805655862146	0.117582991168085	0.0745390718379716	0.27711661341853	0.197257991201221	0.248661972429053	0.415448212359272	0.413864915125979	3.2811	-2.3367	2.6379	-1.7586	2.0379	1.8502	1.4187	1.4147
KINASE-iKiP_FLT3	0.193257147504982	0.872724727783837	0.767687445164427	0.116024572131064	0.00405837674324661	0.00152129817444219	0.656991674375578	0.0171666997814425	-2.0404	0.3964	-0.6535	-2.3969	-3.8022	4.1132	-0.8609	-3.5022
KINASE-iKiP_FGR	0.991307442745479	0.918634629797997	0.032535432706376	0.886916066522587	0.279056056859309	0.555832139398257	0.0478745509452084	0.369998138496769	-0.1637	0.3478	-3.3107	-0.3928	-1.7804	1.0963	-2.9903	-1.5186
KINASE-iKiP_FGFR4	0.039739636861939	0.636460354214907	0.698988695026353	0.153431266962478	0.536431648025213	0.0484685067670095	0.866968020829768	0.722890505163189	2.6133	-0.9257	0.8198	-2.0136	1.1286	2.6688	0.4281	0.7452
KINASE-iKiP_FGFR3	0.0237592547818356	0.315672344432081	0.308951898479853	0.0127196963172504	0.40994775935023	0.922704774115951	0.0978603148970529	0.477643426743305	2.8495	-1.6231	1.6824	-3.3685	-1.425	-0.3177	2.1943	1.2671
KINASE-iKiP_FGFR2	0.6568	0.036304961678096	0.379061615511648	0.985510317880941	0.258329518601457	0.0590269238002922	0.735063093239376	0.134366242821739	0.8922	2.7668	1.5041	0.1821	-1.841	2.6392	0.709	2.2777
KINASE-iKiP_FGFR1	0.489821859445957	0.221330475312181	0.913232667233464	0.294020411237331	0.427322025565708	0.70157874977771	0.944048094192776	1	1.2426	1.8511	0.3435	-1.7234	-1.4076	0.851	-0.2658	-0.0827
KINASE-iKiP_FES	0.117107661713528	1	0.376097983421997	0.450011517414524	0.00152129817444219	0.0572626514049108	0.0880550412330985	0.434421762681707	-2.3832	-0.1035	-1.5192	-1.3396	-4.3146	2.7697	-2.6563	-1.3632
KINASE-iKiP_FER	0.510109686797938	0.477030551855222	0.139882191416803	0.830031489166476	0.285477293149927	0.132060834581176	0.258329518601457	0.345358992139732	-1.1818	-1.2512	-2.2912	0.5009	-1.7358	2.2886	-1.8389	-1.5844
KINASE-iKiP_ERBB4	0.961530282212356	0.521774356896901	0.722890505163189	0.847290019118486	0.795222157035711	0.369998138496769	0.56635935583429	0.0908331941893471	-0.222	1.1704	-0.7297	-0.4502	-0.6002	1.5189	-1.0741	-2.5632
KINASE-iKiP_EPHB4	0.0354134181692602	0.697876982905005	0.0196277732992184	0.0936941225100756	0.0112182733207647	0.0164222999806796	0.0588394354010059	0.0100546176762661	-3.1638	0.7998	-3.3541	-2.4733	-3.6375	3.5414	-2.9169	-3.5722
KINASE-iKiP_EPHB3	0.00822857142857143	0.555986769043383	0.0164222999806796	0.545226206639682	0.0256594591605375	0.0203689165703837	0.00284331554286594	0.270023577426338	-3.6867	1.0872	-3.4466	-1.1456	-3.221	3.3562	-3.9386	-1.79
KINASE-iKiP_EPHB2	0.79755538579068	1	0.166216726074904	0.961707103186203	0.00921064308997887	1	0.149623307518044	0.592478680274011	-0.5708	0.0332	-2.191	0.2263	-3.4917	0.0991	-2.1649	-1.0066
KINASE-iKiP_EPHB1	0.61708773541571	0.155100417578047	0.868666220693795	0.793701084624855	1	0.643202000363541	0.251945714789288	0.521774356896901	0.9594	-2.1871	-0.422	0.5981	-0.0282	0.8977	-1.8599	-1.1812
KINASE-iKiP_EPHA8	0.428948956681288	0.994033846268481	0.268967039135738	0.353868590629035	0.985196060250784	0.0393491491740156	0.593365453632768	1	-1.3714	0.1389	1.8214	-1.5604	-0.1737	3.0241	0.9867	0.0544
KINASE-iKiP_EPHA7	0.106964050811851	0.086716305198756	0.00152129817444219	0.0279900382676304	0.0382462782918433	0.0282387547493565	0.00405837674324661	0.00921064308997887	-2.3829	2.4275	-3.9259	-2.8871	-2.8727	2.9073	-3.7296	-3.4539
KINASE-iKiP_EPHA6	0.487676398945129	0.579282021723076	0.603550295857988	0.128054193583633	0.288272394478014	0.256231792772223	0.773035880788756	0.880567117585848	1.23	-1.0503	0.9961	2.3196	1.757	-1.8731	0.6425	0.3923
KINASE-iKiP_EPHA5	0.734021217846243	1	0.26977103047632	0.0980972515856237	0.20246435865115	9e-04	0.197399101802145	0.440707796376963	-0.7328	0.0413	-1.8101	-2.4453	-1.9925	4.0444	-2.0249	-1.3524
KINASE-iKiP_EPHA4	0.82675774349311	0.723173538245505	0.940147269181683	0.14793507294021	0.904749994172212	0.0187397273109402	0.805823985077334	0.840578507694399	0.5108	0.7794	0.2814	-2.1674	0.3592	3.0672	-0.5536	0.4707
KINASE-iKiP_EPHA3	0.270023577426338	0.587130766212656	0.463816098873192	1	0.607620817349033	0.0142123162127561	0.116525238386843	0.459494644151339	-1.8042	1.0293	-1.2882	0.0886	-0.9873	3.6143	-2.4575	-1.2964
KINASE-iKiP_EPHA2	0.997433591760878	0.588726223923726	0.968232613052909	0.215246984603054	0.799521776875268	0.0405348916747244	0.589476636169243	0.316196601171399	0.1363	1.0535	-0.2029	-1.954	-0.549	2.965	-1.0134	1.6598
KINASE-iKiP_EPHA1	0.0607273480091091	0.197257991201221	0.139169233402292	0.163503348257487	0.342831905633816	0.00284331554286594	0.119395219567796	0.291117757219129	-2.7846	1.9321	-2.2846	-2.1897	-1.6004	3.9141	-2.3784	-1.7251
KINASE-iKiP_EGFR	0.455814591503981	0.398155976327585	0.0527859237536657	0.163503348257487	0.574620909816441	0.0653513139462269	0.197399101802145	0.196007116377308	1.2951	1.4552	-2.9847	-2.1173	-1.0628	2.6045	-2.042	-2.0301
KINASE-iKiP_DDR2	0.00152129817444219	0.382246964963356	0.14590456959046	0.116024572131064	0.759753336585488	0.0397248181181699	0.0461133069828722	0.97113153667678	3.7901	-1.5054	2.2195	-2.3775	0.6657	2.654	2.742	-0.2114
KINASE-iKiP_CSF1R.FMS	0.37015533500086	0.999155570867871	0.904749994172212	0.403892831549504	0.643823008334455	0.205658827154154	0.9017597289675	0.434421762681707	1.5214	0.1389	0.3507	1.4383	-0.9115	1.9358	0.3519	-1.3762
KINASE-iKiP_BMX	0.062163051533306	1	0.183178448015567	9e-04	9e-04	0.47611713171465	0.574620909816441	0.0590269238002922	-2.7536	-0.0722	-2.0928	-4.2383	-4.7538	1.2662	-1.038	-2.8286
KINASE-iKiP_AXL	0.464727999811497	1	0.0313606303099524	0.0741534476751448	0.112215932039416	0.539298926003425	0.00822857142857143	0.113048771597742	-1.2786	0.0956	-3.1904	-2.414	-2.2612	1.1584	-3.6291	-2.3271
KINASE-iKiP_ALK	0.956813756437481	0.242433382662054	1	0.032535432706376	0.0860916139016516	0.291501961807031	0.183798502382573	0.0983402134053549	0.2344	1.895	0.0522	-3.1608	-2.5833	1.7484	-2.106	-2.5457
KINASE-iKiP_ABL2	0.206013486711622	0.758334796170517	0.0321478802491461	0.335218939870103	0.167391273072552	0.615780172307994	0.0368329016977666	0.205280330966566	-1.9218	0.6729	-3.1213	1.6395	-2.0588	1.0046	-3.0801	-1.9625
DISEASE-PSP_type_2_diabetes	0.0683858854713126	0.0317038012116043	0.795222157035711	0.035791006089442	0.00152129817444219	9e-04	0.0590269238002922	0.106221934124384	-2.4908	-2.0585	-0.6839	-2.6677	-3.0388	-3.4908	-2.2204	-2.0487
DISEASE-PSP_neuroblastoma	0.531776021985572	0.0555362721277334	0.324833836858006	0.0617262496437533	0.868666220693795	0.0393491491740156	0.365471192733784	0.940147269181683	-1.1428	-2.933	1.6527	-2.6549	-0.4128	3.1361	1.5282	0.2723
DISEASE-PSP_HNSCC	0.00405837674324661	0.00152129817444219	0.0273640075030343	9e-04	0.00152129817444219	9e-04	0.994033846268481	0.0624012389017899	2.9223	2.9625	1.989	2.9866	3.1108	3.397	0.1406	2.3366
DISEASE-PSP_glioma	0.0645072218126059	0.0341259428261193	0.799521776875268	0.0351301470120283	0.00152129817444219	9e-04	0.0579559313765347	0.107041362261439	-2.5087	-2.0348	-0.6824	-2.6935	-3.0564	-3.4919	-2.1924	-2.0742
DISEASE-PSP_breast_cancer	0.0853754940711463	0.543314087388729	0.252359344970926	0.269848346317468	0.0151729718794254	0.485063234528934	0.461320573847039	0.1752048766703	-2.4521	1.146	-1.8676	-1.804	-3.019	-1.262	-1.3106	-2.0957
DISEASE-PSP_acute_myelogenous_leukemia	0.0570930373716602	0.036304961678096	0.79460965126075	0.0353356152511189	9e-04	9e-04	0.0579559313765347	0.113819724973453	-2.4735	-2.0346	-0.6918	-2.6164	-2.985	-3.5019	-2.1747	-2.047
